0.76884
0.7407
0.71222
0.6994
0.69442
0.68857
0.6885
0.67127
0.66237
0.65702
0.63089
0.61159
0.60644
0.60565
0.59966
0.59422
0.59172
0.58663
0.58437
0.58327
0.58084
0.57953
0.57842
0.56986
0.56856
0.56834
0.56654
0.5651
0.56408
0.55931
0.55881
0.55809
0.55635
0.55484
0.55347
0.55053
0.5505
0.54996
0.54829
0.54822
0.54789
0.5474
0.54449
0.54039
0.53961
0.53829
0.53809
0.536
0.5342
0.53185
0.52974
0.52899
0.52782
0.52685
0.52361
0.52345
0.522
0.52151
0.52145
0.52081
0.52039
0.52003
0.51887
0.51852
0.51792
0.51669
0.51433
0.51431
0.5126
0.51169
0.50845
0.50799
0.50694
0.50685
0.50593
0.50578
0.50516
0.50504
0.50205
0.50148
0.50069
0.5
0.49756
0.49531
0.49188
0.49094
0.49032
0.48968
0.48936
0.48861
0.48765
0.4874
0.48601
0.48417
0.48404
0.48355
0.48209
0.48073
0.47786
0.47561
0.47449
0.47372
0.47292
0.47263
0.47244
0.47161
0.47148
0.47147
0.46971
0.46931
0.46827
0.46798
0.46792
0.46737
0.46728
0.46642
0.46572
0.46559
0.46554
0.46509
0.46498
0.46464
0.46401
0.46331
0.46287
0.46171
0.46165
0.46164
0.4614
0.46101
0.46005
0.45768
0.45477
0.45368
0.45316
0.45208
0.45067
0.44952
0.44914
0.44814
0.44804
0.44785
0.44627
0.44568
0.44447
0.44412
0.44361
0.44293
0.44194
0.44189
0.44166
0.44153
0.44102
0.44027
0.4394
0.43929
0.43867
0.43831
0.43799
0.43759
0.43743
0.43694
0.43614
0.43478
0.43476
0.43328
0.43118
0.43102
0.42925
0.42888
0.42653
0.4264
0.42603
0.42548
0.42473
0.42406
0.42355
0.42243
0.42201
0.42117
0.41893
0.41833
0.4179
0.4174
0.41734
0.4168
0.41578
0.41497
0.41433
0.41417
0.41405
0.41379
0.41354
0.41329
0.41291
0.41263
0.41208
0.41079
0.41074
0.41042
0.40969
0.40893
0.40873
0.40867
0.40812
0.40809
0.40788
0.4073
0.4072
0.40708
0.40695
0.40628
0.40584
0.40578
0.40572
0.40571
0.40524
0.40453
0.40273
0.40271
0.40266
0.40266
0.4022
0.40177
0.40153
0.40143
0.40038
0.40031
0.40015
0.39817
0.39755
0.39731
0.39705
0.39641
0.39601
0.39476
0.39431
0.39431
0.39181
0.39078
0.3901
0.38975
0.38866
0.38746
0.38617
0.38589
0.38579
0.38503
0.38499
0.38483
0.38482
0.38388
0.38132
0.37846
0.37809
0.37769
0.37763
0.37761
0.37631
0.376
0.37424
0.37275
0.37204
0.37147
0.37142
0.37126
0.36975
0.36879
0.36835
0.36799
0.36792
0.36788
0.36782
0.36736
0.36713
0.3668
0.36678
0.36665
0.36637
0.36448
0.36428
0.36409
0.36358
0.36307
0.36272
0.36228
0.36169
0.36151
0.36138
0.3611
0.36036
0.36015
0.35917
0.35912
0.35907
0.35868
0.35864
0.3583
0.35829
0.35791
0.35539
0.35528
0.35503
0.35474
0.35319
0.35276
0.35269
0.35219
0.35188
0.35144
0.35141
0.351
0.35064
0.35039
0.35009
0.34877
0.34828
0.34821
0.34817
0.34802
0.34757
0.34648
0.34446
0.34377
0.34296
0.34273
0.3424
0.34239
0.34211
0.3421
0.34116
0.34084
0.34047
0.33991
0.33968
0.33915
0.33905
0.33882
0.33833
0.33775
0.33741
0.33684
0.33668
0.33606
0.3357
0.33531
0.33474
0.33436
0.33415
0.33339
0.33324
0.3328
0.33254
0.33243
0.33237
0.33233
0.33186
0.33178
0.33178
0.33137
0.33127
0.33095
0.33014
0.32998
0.3288
0.32874
0.32841
0.32784
0.32741
0.32733
0.32719
0.32641
0.32623
0.32618
0.3242
0.32419
0.32419
0.32411
0.32401
0.32367
0.32327
0.32316
0.32282
0.3222
0.32107
0.32041
0.32018
0.32017
0.31974
0.31924
0.31913
0.31826
0.31824
0.31606
0.31509
0.31476
0.31409
0.31361
0.31309
0.31299
0.31162
0.31147
0.31119
0.31092
0.31067
0.31046
0.31014
0.30936
0.30932
0.3093
0.30914
0.30907
0.30879
0.30864
0.30856
0.30755
0.30743
0.30739
0.30734
0.3072
0.30704
0.30692
0.30686
0.30649
0.30641
0.30621
0.30605
0.30555
0.30528
0.30512
0.30499
0.30489
0.30474
0.30397
0.30391
0.30375
0.30374
0.30337
0.30329
0.30313
0.30307
0.30256
0.30187
0.30153
0.30122
0.30116
0.30114
0.30076
0.30075
0.3006
0.29902
0.29893
0.29847
0.2982
0.29752
0.29714
0.29665
0.29664
0.29611
0.2961
0.2958
0.29571
0.29532
0.29491
0.29398
0.29341
0.29338
0.29316
0.2928
0.29229
0.29202
0.29187
0.29174
0.29054
0.29036
0.29031
0.28985
0.2895
0.28932
0.28814
0.2873
0.28727
0.28698
0.2869
0.28683
0.28464
0.28392
0.28357
0.28346
0.28344
0.28343
0.28341
0.28334
0.28287
0.2825
0.28156
0.28149
0.28132
0.28072
0.28003
0.27989
0.27928
0.27869
0.27859
0.2785
0.27843
0.27827
0.27778
0.27771
0.27727
0.27688
0.27678
0.27656
0.27626
0.27602
0.27578
0.27564
0.27519
0.27514
0.27502
0.27477
0.27403
0.27386
0.27358
0.27285
0.27269
0.27261
0.27256
0.27199
0.27152
0.27148
0.2711
0.27073
0.27054
0.27043
0.27003
0.26987
0.26955
0.26951
0.26946
0.26945
0.26884
0.26865
0.26853
0.26846
0.26824
0.268
0.26728
0.26654
0.26644
0.26598
0.26504
0.26479
0.26473
0.26468
0.26464
0.26454
0.26417
0.26387
0.26373
0.26336
0.26279
0.26276
0.26271
0.26228
0.26204
0.26146
0.26133
0.26131
0.26125
0.26082
0.26008
0.26001
0.25978
0.25976
0.25964
0.25947
0.25933
0.25906
0.25863
0.2583
0.25777
0.25776
0.25742
0.25733
0.25733
0.25721
0.25669
0.25668
0.25645
0.25629
0.25545
0.2553
0.25523
0.25504
0.25498
0.25424
0.25404
0.25382
0.25343
0.25293
0.25279
0.25263
0.25201
0.25195
0.25185
0.2517
0.25155
0.25146
0.25122
0.25053
0.25037
0.24989
0.24942
0.24917
0.24887
0.24883
0.24872
0.24854
0.24847
0.24795
0.24709
0.24688
0.24618
0.24603
0.24599
0.2453
0.24475
0.24418
0.24415
0.24406
0.24375
0.24335
0.24275
0.24258
0.24245
0.2424
0.24189
0.24167
0.24144
0.24144
0.24143
0.24137
0.24037
0.24003
0.23996
0.23991
0.23935
0.23935
0.23922
0.23922
0.23907
0.23829
0.23821
0.23814
0.2377
0.23735
0.23722
0.23717
0.23705
0.23683
0.23675
0.23597
0.23566
0.23521
0.23508
0.23449
0.23438
0.23415
0.23402
0.23399
0.23349
0.23335
0.23306
0.233
0.23265
0.2323
0.23228
0.23224
0.23203
0.23169
0.23146
0.23142
0.23122
0.2312
0.23102
0.23097
0.23089
0.23014
0.22998
0.22982
0.22977
0.22942
0.22878
0.22816
0.22815
0.22811
0.22798
0.22763
0.22753
0.22718
0.22718
0.22623
0.22619
0.22618
0.22552
0.22544
0.22417
0.22416
0.22408
0.22384
0.22299
0.22281
0.22242
0.222
0.222
0.22152
0.2212
0.22076
0.22063
0.22026
0.21953
0.21936
0.21931
0.21928
0.21906
0.21902
0.21884
0.21878
0.21875
0.21841
0.21729
0.2167
0.21623
0.21588
0.21545
0.21519
0.2151
0.21497
0.21461
0.21441
0.21388
0.21375
0.21365
0.21359
0.21349
0.21323
0.2126
0.21248
0.21247
0.21205
0.21204
0.21187
0.21184
0.21147
0.21078
0.21058
0.21055
0.21041
0.20965
0.20902
0.20797
0.20775
0.20737
0.20723
0.20719
0.20718
0.20699
0.20618
0.20614
0.20609
0.20607
0.20584
0.20566
0.2055
0.20542
0.20508
0.20499
0.20366
0.20274
0.20245
0.20245
0.20245
0.20185
0.20166
0.20143
0.20127
0.20122
0.20082
0.20078
0.20076
0.20072
0.20035
0.20013
0.19974
0.19951
0.19927
0.19876
0.19856
0.19834
0.19821
0.19821
0.19702
0.19655
0.1961
0.19584
0.19543
0.19506
0.1949
0.19474
0.19465
0.19369
0.19363
0.19359
0.19344
0.19242
0.19234
0.19212
0.19102
0.19091
0.19077
0.19048
0.19017
0.18942
0.18898
0.18878
0.18872
0.18814
0.18807
0.18799
0.18793
0.1879
0.1878
0.18764
0.18756
0.18735
0.18721
0.18662
0.18596
0.1857
0.1855
0.18511
0.18507
0.18494
0.18489
0.18447
0.18412
0.18377
0.18364
0.18342
0.18324
0.18319
0.18287
0.1828
0.18262
0.18249
0.18248
0.18237
0.18215
0.18174
0.18139
0.18082
0.17982
0.17957
0.17926
0.17893
0.17875
0.17856
0.17723
0.17534
0.17515
0.17458
0.17416
0.17403
0.17401
0.17333
0.17292
0.17252
0.17202
0.17172
0.17094
0.17053
0.17011
0.16973
0.16948
0.16936
0.16928
0.16888
0.16883
0.16869
0.16816
0.16784
0.1676
0.16747
0.16566
0.16562
0.16545
0.16544
0.16524
0.16425
0.16347
0.163
0.16237
0.1623
0.16173
0.16161
0.16159
0.16085
0.16083
0.1606
0.16058
0.16031
0.15977
0.15971
0.15806
0.15786
0.15785
0.15745
0.15677
0.15642
0.15543
0.15444
0.15439
0.15434
0.15423
0.15406
0.15264
0.1519
0.15173
0.1512
0.15102
0.14996
0.14916
0.14852
0.14797
0.14781
0.14723
0.14703
0.14635
0.14558
0.14518
0.14516
0.14447
0.14369
0.14364
0.14233
0.14192
0.14154
0.14139
0.14123
0.14048
0.1404
0.1385
0.13718
0.13711
0.13582
0.135
0.13488
0.13457
0.13364
0.1335
0.13256
0.13164
0.13151
0.13097
0.13076
0.1302
0.12983
0.12905
0.12835
0.12661
0.12641
0.12636
0.12389
0.12318
0.12306
0.12181
0.12154
0.1215
0.12143
0.11907
0.119
0.11879
0.1175
0.11621
0.1146
0.11307
0.11164
0.11093
0.10889
0.10722
0.10705
0.10507
0.10476
0.10456
0.10382
0.10376
0.1017
0.10122
0.09806
0.09749
0.09536
0.09375
0.08794
0.08597
0.08297
0.08193
0.07254
