0.9709
0.87185
0.97017
0.97352
0.95736
0.99054
0.9219
0.95997
0.96701
0.99413
0.98451
0.9779
0.97621
0.97726
0.98553
0.98488
0.97619
0.96595
0.95546
0.97668
0.95602
0.97624
0.97374
0.94571
0.99492
0.95999
0.97968
0.98724
0.9646
0.95962
0.96405
0.97418
0.98827
0.96517
0.97741
0.98186
0.96243
0.97465
0.96831
0.98666
0.97622
0.98082
0.973
0.92656
0.98208
0.96016
0.98088
0.92418
0.98042
0.97228
0.93328
0.97946
0.98433
0.97302
0.98606
0.97957
0.96419
0.97213
0.96386
0.96843
0.98693
0.97341
0.97966
0.96298
0.98457
0.97432
0.976
0.95403
0.97394
0.98008
0.95938
0.97409
0.9607
0.97161
0.97115
0.99222
0.97627
0.96028
0.98007
0.91586
0.99356
1
0.96146
0.95781
0.97912
0.98247
0.97855
0.9583
0.9478
0.96969
0.93394
0.97825
0.95836
0.98401
0.97379
0.96245
0.97584
0.98315
0.96651
0.98161
0.98414
0.9728
0.94699
0.9602
0.96124
0.97659
0.9658
0.98005
0.9939
0.98533
0.98414
0.97262
0.97764
0.98686
0.95996
0.97606
0.99403
0.95889
0.98132
0.97274
0.98067
0.9813
0.95306
0.97129
1
0.97901
0.95895
0.9719
0.95541
0.97503
0.9749
0.96335
0.98515
0.96091
0.97697
0.95643
0.97849
0.9741
0.9683
0.97524
0.978
0.97453
0.97725
0.97204
0.96581
0.94346
0.97226
0.97479
0.96205
0.97292
0.94601
0.97436
0.97636
0.99388
0.9725
0.91304
0.98239
0.9627
0.97259
0.97014
0.97118
0.98656
0.97014
0.98918
0.97955
0.95047
0.98205
0.96397
0.97806
0.97562
0.98092
0.98438
0.96233
0.98838
0.97395
0.96788
0.96583
0.96774
0.97713
0.96289
0.97987
0
0.96265
0.95186
0.99149
0.98022
0.98863
1
0.96586
0.99587
0.97938
0.95865
0.98286
0.98223
0.96569
0.98084
0.97659
0.98901
1
0.98869
0.95427
0.94599
0.97382
0.97789
0.9661
0.95492
0.97608
0.96911
0.98806
0.95827
0.96482
0.94751
0.97642
0.97239
0.99704
0.94761
0.94859
0.95595
0.98699
0.97014
0.98062
0.98227
0.98781
0.98037
0.97049
0.94423
0.97561
0.96342
0.97749
0.97714
0.99963
0.9692
0.98397
0.96982
0.99388
0.98162
0.97796
0.98236
0.88307
0.97484
0.98607
0.93688
0.95134
0.94819
0.95155
0.97412
0.96607
0.96289
0.94309
0.98923
0.97985
0.94233
0.969
0.97287
0.97618
0.96945
1
0.96866
0.95147
0.97014
0.97036
1
0.97848
0.99741
0.95216
0.97422
0.97231
0.96415
0.98409
0.96556
0.99587
0.97641
0.9798
0.95833
0.98099
0.97447
0.98097
0.9815
0.98615
0.97659
0.99369
0.94893
0.90063
0.97638
0.98204
0.98861
0.88388
0.98758
0.97009
0.97668
0.98637
0.95971
0.97087
0.98337
0.98058
0.98125
1
0.97677
0.96812
0.98382
0.98526
0.9798
0.98084
0.95315
0.99078
0.96214
0.96333
0.97796
0.94722
0.9829
0.98782
0.97487
0.94984
0.97483
0.97755
0.97415
0.99674
0.94207
0.972
0.97014
0.95689
0.94218
0.97611
0.99161
0.98006
0.98034
0.9723
0.98341
0.9553
0.96688
0.97283
0.97088
0.98404
0.97103
0.99485
0.96053
0.97996
0.98275
0.99015
0.99388
0.97463
0.98623
0.97371
0.95674
0.96992
0.9718
0.96881
0.97109
0.97984
0.97442
0.95366
0.97783
0.93774
0.97889
0.97093
0.95982
0.98552
0.95021
0.9872
0.96151
0.98923
0.97615
0.9619
0.98486
0.94319
0.96987
0.95168
0.96023
1
0.93743
0.9952
0.97922
0.98107
0.96847
0.9737
1
0.99388
0.97649
0.95903
0.99228
0.97747
0.94366
0.96874
0.96882
0.97531
0.96569
0.93298
0.9798
0.97965
0.97567
0.94823
0.97714
0.97761
0.88009
0.99356
0.97982
0.98766
0.92523
0.96453
0.95783
0.99655
0.95575
0.98881
0.94893
0.98176
0.98157
0.95272
0.96393
0.97224
1
0.94322
0.97812
0.96911
0.90801
0.99388
0.97656
0.98324
0.94436
0.90212
0.96365
0.98481
0.98995
1
0.97436
0.95044
0.97797
0.82681
0.96699
0.98331
0.98037
0.9785
0.98058
0.97592
0.966
0.98841
0.9936
0
0.99138
0.9791
0.96951
0.94076
0.9819
0.95702
0.94856
0.95451
0.94023
0.98967
0.95175
0.97454
0.94942
0.9467
0.97014
0.98484
0.96123
0.9245
0.96309
0.97795
0.97062
0.94673
0.97714
0.97014
0.98771
0.97906
0.96914
0.98534
0.97817
0.9756
0.99481
0.98631
0.96575
0.99278
0.9753
0.982
0.97091
0.98284
1
0.99655
0.98299
0.97961
0.97014
1
0.9749
0.96986
0.98198
0.97551
1
0.95744
0.97731
0.90993
0.97351
0.97734
0.9859
0.98852
0.98214
0.99184
0.98637
0.93204
0.99048
0.95173
0.97147
0.95967
0.97221
0.99508
0.99388
0.97456
0.94842
0.98218
0.97011
0.96041
0
0.9755
0.97256
0.88235
0.9798
0.9848
0.9778
1
0.93989
0.9764
0.94664
0.9734
0.9574
1
0.98198
0.98392
0.9798
1
0.98142
0.93557
0.97269
0.93831
0.98387
0.99428
0.97912
0.97231
0.96525
0.93518
0.97366
0.97321
0.99523
0.96634
0.99392
0.99494
0.97014
0.98441
0.95466
0.98509
0.94371
0.97329
0.95955
0.99012
0.93448
0.98457
0.99149
0.97698
0.98668
0.88643
0.86266
0.98713
0.9573
0.91018
0.93847
0.89087
0.98637
0.97014
1
0.99056
0.99587
0.9878
0.94438
0.99494
0.99494
0.91933
0.9816
0.95585
0.84191
0.97283
0.93962
0.93743
0.94335
0.98187
0.98592
0.99099
0.96264
0.94424
0.97511
1
0.90043
0.96266
0.99351
0.969
0.95669
0.98352
0.93251
0.97117
0.97588
0.94112
0.96843
0.93856
0.94638
0.99604
0.9955
0.97922
0.99099
0.98346
0.98974
0.96643
0.95801
0.98887
0.95496
0.97117
0.98187
0.99002
0.97014
0.97683
0.93534
0.97996
0.97014
0.92275
0.97954
0.98072
0.96447
0.97747
1
1
0.99388
0.95258
0.98995
0.97987
0.91647
0.98559
0.88235
0.9881
0.96938
0.9778
0.96279
0.97641
0.98802
1
0.99388
0.9342
0.98552
0.97468
0.99225
0
0.99167
0.99457
0.96827
0.97991
0.99002
0.93489
0.99587
1
0.97318
0
0.93448
0.97963
0.95578
0.99604
0.98892
0.9815
1
0
0.95187
0.98656
0.96583
0.97162
1
0.96704
0.97994
0.98485
1
0.9651
0.97089
0.96303
0.98901
0.97113
0.98431
0.98037
0.997
0.98921
0.98995
0.97543
0.96298
0.98978
0.97249
0
0.97353
0.96099
0.98011
1
0.98331
0.97714
0.96755
0.99494
0.92609
0.95369
0.96834
0.95604
0.97119
0.98485
0.91507
0.97201
0.97714
0.97483
0.98783
0.99469
0.84372
0.99494
0.99704
0.99403
0.94587
0.93691
0.97173
0.98978
0.99494
0.97306
0.95948
0.9866
1
0.96474
1
0.97912
0.97622
0.9694
0.93875
0.99015
1
0.90976
0.96514
0.97131
1
0.91915
0.98995
0.96449
0.94353
1
0.99633
1
0.97004
0
0.91915
0.99413
0.94476
1
0.98466
0.98271
0.98399
1
0
0.94632
0.95136
0.97107
0.97518
0.9815
0.97239
1
0.97783
0.87203
0.97014
0.98424
0.97885
1
0.96619
0.99388
1
1
0.94893
0.97724
0.97955
0.97619
0.97611
0.97385
0.93743
0.99385
0.99438
1
0.9829
0.91215
0
0.99381
1
1
0.98374
0.96506
0.98924
1
0.98222
0.97714
0.97714
1
0.98941
0.99655
0.97563
1
0.99044
1
1
0.97783
0
0.99557
0.99531
0.97014
1
0.92609
0.99587
0.90803
0.953
0.95342
1
0.9322
0.99112
0.99388
0.99388
0.99184
0.94842
0.96699
0.92354
0.99494
1
0.98869
0.97128
0.99099
0.87093
1
0.97112
0.98118
0.97696
1
0.98995
0.98435
0.94314
0.96253
0.93794
1
0.99388
0.98222
0.99388
0.96612
0.97611
0.98976
0.97561
0.98198
1
0.98047
0
0.97825
0.94226
1
0.96186
0.93895
0.93743
0.99327
0.93774
0.89357
1
0.95238
0.98618
0.99451
0.96326
0.97561
0
0.99388
0.96162
0.96925
0.95434
0.98901
0.97014
1
0.97512
0.97283
1
1
0.99494
0.97014
1
0.99099
1
1
1
0.99388
0.88104
0.97483
1
0
0.98485
0
0.98473
0.9815
1
0.97483
0.97331
1
1
0.99388
0.96836
0.96734
1
0.98013
0
1
0.97014
0.93743
1
1
1
0.92057
0.96828
0.98284
0.99099
1
0.99587
0.98473
0.88955
1
0.92582
0.74753
0.99388
0.99494
0.98955
0.96995
1
0.95342
0.97482
0.99388
0.94281
0.95096
0
0
0.99015
1
0.97014
0
0.95258
0.99494
0.95137
0.70711
0.99381
0.9815
0.96211
0
0.96151
0.99604
0.99494
0.99388
0.99494
1
0.9599
0.98802
0.79616
1
0.97493
1
0
0.95258
1
1
0
0.98198
1
0
0.99811
1
0.94281
0.91915
1
0
1
0
0.97014
1
0
1
0.83205
0
0.95701
0.99445
0.98619
1
1
0.99388
0.93743
0.93363
0.99494
1
0
0
0.99388
0
0
0.99278
1
0.99356
0
0
0.99557
0
0
0.99469
0
0
0
0
0
0.97714
0
0.9778
1
